
y(0) = 0
y(1) = 0
y(2) = 0
y(3) = -4.2
y(4) = 54.2
y(5) = 36.1333
y(6) = 25.4889
y(7) = -2.47407
y(8) = 2.97284
y(9) = 23.5967
y(10) = 37.0966
y(11) = 31.4117
y(12) = 13.2418
y(13) = 5.31887
y(14) = 13.3064
y(15) = 27.2931
y(16) = 31.307
y(17) = 22.6227
y(18) = 12.1926
y(19) = 11.2259
y(20) = 19.4764
y(21) = 26.8966
y(22) = 25.7942
y(23) = 18.5102
y(24) = 13.6087
y(25) = 15.932
y(26) = 22.0149
y(27) = 24.9085
y(28) = 22.0013
y(29) = 17.1761
y(30) = 15.7969
y(31) = 18.8386
y(32) = 22.4703
y(33) = 22.7737
y(34) = 19.8939
y(35) = 17.3177
y(36) = 17.7235
y(37) = 20.2657
y(38) = 21.9605
y(39) = 21.1363
y(40) = 19.0161
y(41) = 18.0203
y(42) = 19.0435
y(43) = 20.7226
y(44) = 21.1924
y(45) = 20.1259
y(46) = 18.8643
y(47) = 18.7674
y(48) = 19.7747
y(49) = 20.6678
y(50) = 20.5194
y(51) = 19.632
y(52) = 19.0461
y(53) = 19.3384
y(54) = 20.0773
y(55) = 20.42
y(56) = 20.0599
y(57) = 19.4757
y(58) = 19.3157
y(59) = 19.6896
y(60) = 20.1278
y(61) = 20.1585
y(62) = 19.8063
y(63) = 19.4967
y(64) = 19.5507
y(65) = 19.8605
y(66) = 20.063
y(67) = 19.9594
y(68) = 19.7019
y(69) = 19.584
y(70) = 19.7107
y(71) = 19.914
y(72) = 19.9684
y(73) = 19.8374
y(74) = 19.6852
y(75) = 19.6755
y(76) = 19.7987
y(77) = 19.906
y(78) = 19.8863
y(79) = 19.7782
y(80) = 19.7082
y(81) = 19.7449
y(82) = 19.8347
y(83) = 19.8752
y(84) = 19.8307
y(85) = 19.7599
y(86) = 19.7414
y(87) = 19.7874
y(88) = 19.8402
y(89) = 19.8432
y(90) = 19.8001
y(91) = 19.7629
y(92) = 19.7701
y(93) = 19.8078
y(94) = 19.832
y(95) = 19.819
y(96) = 19.7877
y(97) = 19.7738
y(98) = 19.7895
y(99) = 19.8141